#manual hard coded table example

l <- readr::read_delim(
  '  Monday  |  Tuesday  | Wednesday  | Thursday | Friday  | Saturday | Sunday   | DaysWorked
    # ---------------------------------------------------------------------------------------
        1    |     1     |     1      |     1    |    1    |    0     |    0     |     5
        0    |     1     |     1      |     1    |    1    |    1     |    0     |     5
        0    |     0     |     1      |     1    |    1    |    1     |    1     |     5
        1    |     0     |     0      |     1    |    1    |    1     |    1     |     5
        1    |     1     |     0      |     0    |    1    |    1     |    1     |     5
        1    |     1     |     1      |     0    |    0    |    1     |    1     |     5
        1    |     1     |     1      |     1    |    0    |    0     |    1     |     5
        1    |     1     |     1      |     1    |    1    |    0     |    1     |     5
        0    |     0     |     0      |     1    |    1    |    1     |    1     |     4
        1    |     0     |     0      |     0    |    1    |    1     |    1     |     4
        1    |     1     |     0      |     0    |    0    |    1     |    1     |     4
        1    |     1     |     1      |     0    |    0    |    0     |    1     |     4
        1    |     1     |     1      |     1    |    0    |    0     |    0     |     4
        0    |     1     |     1      |     1    |    1    |    0     |    0     |     4
        0    |     0     |     1      |     1    |    1    |    1     |    0     |     4
        0    |     0     |     0      |     0    |    1    |    1     |    1     |     3
        1    |     0     |     0      |     0    |    0    |    1     |    1     |     3
        1    |     1     |     0      |     0    |    0    |    0     |    1     |     3
        1    |     1     |     1      |     0    |    0    |    0     |    0     |     3
        0    |     1     |     1      |     1    |    0    |    0     |    0     |     3
        0    |     0     |     1      |     1    |    1    |    0     |    0     |     3
        0    |     0     |     0      |     1    |    1    |    1     |    0     |     3',
  trim_ws = TRUE, comment="#", delim="|")
